# unix_time, cycles_done, cur_path, paths_total, pending_total, pending_favs, map_size, unique_crashes, unique_hangs, max_depth, execs_per_sec
1599594407, 0, 0, 2, 2, 1, 0.01%, 0, 0, 1, 65.84
1599594412, 3, 1, 2, 0, 0, 0.01%, 0, 0, 1, 1310.44
1599594417, 7, 1, 2, 0, 0, 0.01%, 0, 0, 1, 1295.90
1599594422, 12, 0, 2, 0, 0, 0.01%, 0, 0, 1, 1304.85
1599594427, 16, 1, 2, 0, 0, 0.01%, 0, 0, 1, 1294.77
1599594433, 21, 0, 2, 0, 0, 0.01%, 0, 0, 1, 1294.25
1599594438, 25, 1, 2, 0, 0, 0.01%, 0, 0, 1, 1279.68
1599594443, 30, 0, 2, 0, 0, 0.01%, 0, 0, 1, 1271.31
1599594448, 34, 1, 2, 0, 0, 0.01%, 0, 0, 1, 1257.45
1599594453, 39, 0, 2, 0, 0, 0.01%, 0, 0, 1, 1286.16
1599594458, 43, 1, 2, 0, 0, 0.01%, 0, 0, 1, 1283.93
1599594464, 47, 1, 2, 0, 0, 0.01%, 0, 0, 1, 1271.69
1599594469, 52, 0, 2, 0, 0, 0.01%, 0, 0, 1, 1290.16
1599594474, 56, 1, 2, 0, 0, 0.01%, 0, 0, 1, 1284.30
1599594479, 61, 0, 2, 0, 0, 0.01%, 0, 0, 1, 1284.30
1599594484, 65, 1, 2, 0, 0, 0.01%, 0, 0, 1, 1290.08
1599594489, 70, 0, 2, 0, 0, 0.01%, 0, 0, 1, 1289.84
1599594494, 75, 0, 2, 0, 0, 0.01%, 0, 0, 1, 1308.63
1599594500, 79, 1, 2, 0, 0, 0.01%, 0, 0, 1, 1287.11
1599594505, 84, 0, 2, 0, 0, 0.01%, 0, 0, 1, 1317.97
1599594510, 88, 0, 2, 0, 0, 0.01%, 0, 0, 1, 1307.13
1599594515, 92, 1, 2, 0, 0, 0.01%, 0, 0, 1, 1290.26
1599594520, 97, 0, 2, 0, 0, 0.01%, 0, 0, 1, 1286.40
1599594525, 101, 1, 2, 0, 0, 0.01%, 0, 0, 1, 1291.98
1599594530, 106, 0, 2, 0, 0, 0.01%, 0, 0, 1, 1276.56
1599594535, 110, 1, 2, 0, 0, 0.01%, 0, 0, 1, 1218.76
1599594540, 115, 0, 2, 0, 0, 0.01%, 0, 0, 1, 1285.65
1599594545, 119, 0, 2, 0, 0, 0.01%, 0, 0, 1, 1279.61
1599594550, 123, 1, 2, 0, 0, 0.01%, 0, 0, 1, 1304.89
1599594555, 128, 0, 2, 0, 0, 0.01%, 0, 0, 1, 1298.26
1599594561, 132, 1, 2, 0, 0, 0.01%, 0, 0, 1, 1283.02
1599594566, 137, 0, 2, 0, 0, 0.01%, 0, 0, 1, 1280.80
1599594571, 141, 1, 2, 0, 0, 0.01%, 0, 0, 1, 1298.48
1599594576, 146, 0, 2, 0, 0, 0.01%, 0, 0, 1, 1307.05
1599594581, 150, 1, 2, 0, 0, 0.01%, 0, 0, 1, 1304.20
1599594586, 155, 0, 2, 0, 0, 0.01%, 0, 0, 1, 1302.98
1599594591, 159, 1, 2, 0, 0, 0.01%, 0, 0, 1, 1297.31
1599594596, 164, 0, 2, 0, 0, 0.01%, 0, 0, 1, 1288.41
1599594602, 169, 0, 2, 0, 0, 0.01%, 0, 0, 1, 1319.59
1599594607, 173, 0, 2, 0, 0, 0.01%, 0, 0, 1, 1244.88
1599594612, 177, 1, 2, 0, 0, 0.01%, 0, 0, 1, 1291.70
1599594617, 182, 1, 2, 0, 0, 0.01%, 0, 0, 1, 1293.82
1599594622, 186, 1, 2, 0, 0, 0.01%, 0, 0, 1, 1299.65
1599594627, 191, 1, 2, 0, 0, 0.01%, 0, 0, 1, 1296.15
1599594632, 196, 0, 2, 0, 0, 0.01%, 0, 0, 1, 1297.55
1599594637, 200, 1, 2, 0, 0, 0.01%, 0, 0, 1, 1312.51
1599594643, 205, 0, 2, 0, 0, 0.01%, 0, 0, 1, 1282.47
1599594648, 209, 1, 2, 0, 0, 0.01%, 0, 0, 1, 1306.52
1599594653, 214, 0, 2, 0, 0, 0.01%, 0, 0, 1, 1287.13
1599594658, 218, 0, 2, 0, 0, 0.01%, 0, 0, 1, 1265.32
1599594663, 222, 1, 2, 0, 0, 0.01%, 0, 0, 1, 1313.71
1599594668, 227, 0, 2, 0, 0, 0.01%, 0, 0, 1, 1323.19
1599594673, 231, 1, 2, 0, 0, 0.01%, 0, 0, 1, 1318.38
1599594678, 236, 0, 2, 0, 0, 0.01%, 0, 0, 1, 1300.20
1599594683, 240, 1, 2, 0, 0, 0.01%, 0, 0, 1, 1301.01
1599594688, 245, 0, 2, 0, 0, 0.01%, 0, 0, 1, 1288.41
1599594693, 249, 1, 2, 0, 0, 0.01%, 0, 0, 1, 1307.82
1599594698, 254, 0, 2, 0, 0, 0.01%, 0, 0, 1, 1291.06
1599594704, 258, 1, 2, 0, 0, 0.01%, 0, 0, 1, 1290.49
1599594709, 263, 1, 2, 0, 0, 0.01%, 0, 0, 1, 1310.36
1599594714, 268, 0, 2, 0, 0, 0.01%, 0, 0, 1, 1292.08
1599594719, 272, 1, 2, 0, 0, 0.01%, 0, 0, 1, 1289.90
1599594724, 277, 0, 2, 0, 0, 0.01%, 0, 0, 1, 1304.25
1599594729, 281, 1, 2, 0, 0, 0.01%, 0, 0, 1, 1300.28
1599594734, 286, 0, 2, 0, 0, 0.01%, 0, 0, 1, 1316.33
1599594740, 290, 1, 2, 0, 0, 0.01%, 0, 0, 1, 1227.14
1599594745, 294, 1, 2, 0, 0, 0.01%, 0, 0, 1, 1251.02
1599594750, 299, 0, 2, 0, 0, 0.01%, 0, 0, 1, 1297.28
1599594755, 303, 1, 2, 0, 0, 0.01%, 0, 0, 1, 1323.11
1599594760, 308, 0, 2, 0, 0, 0.01%, 0, 0, 1, 1297.72
1599594765, 312, 1, 2, 0, 0, 0.01%, 0, 0, 1, 1301.14
1599594770, 316, 1, 2, 0, 0, 0.01%, 0, 0, 1, 1177.68
1599594775, 321, 0, 2, 0, 0, 0.01%, 0, 0, 1, 1255.45
1599594780, 325, 1, 2, 0, 0, 0.01%, 0, 0, 1, 1331.90
1599594785, 330, 0, 2, 0, 0, 0.01%, 0, 0, 1, 1305.63
1599594790, 334, 1, 2, 0, 0, 0.01%, 0, 0, 1, 1315.26
1599594795, 339, 0, 2, 0, 0, 0.01%, 0, 0, 1, 1320.03
1599594800, 343, 1, 2, 0, 0, 0.01%, 0, 0, 1, 1302.79
1599594806, 348, 0, 2, 0, 0, 0.01%, 0, 0, 1, 1278.94
1599594811, 353, 0, 2, 0, 0, 0.01%, 0, 0, 1, 1310.46
1599594816, 357, 1, 2, 0, 0, 0.01%, 0, 0, 1, 1323.95
1599594821, 362, 0, 2, 0, 0, 0.01%, 0, 0, 1, 1321.73
1599594826, 366, 1, 2, 0, 0, 0.01%, 0, 0, 1, 1312.64
1599594831, 371, 0, 2, 0, 0, 0.01%, 0, 0, 1, 1314.18
1599594836, 375, 1, 2, 0, 0, 0.01%, 0, 0, 1, 1291.19
1599594841, 380, 0, 2, 0, 0, 0.01%, 0, 0, 1, 1312.49
1599594847, 384, 1, 2, 0, 0, 0.01%, 0, 0, 1, 1308.46
1599594852, 389, 1, 2, 0, 0, 0.01%, 0, 0, 1, 1313.01
1599594857, 394, 0, 2, 0, 0, 0.01%, 0, 0, 1, 1312.51
1599594862, 398, 1, 2, 0, 0, 0.01%, 0, 0, 1, 1318.23
1599594867, 403, 0, 2, 0, 0, 0.01%, 0, 0, 1, 1307.48
1599594872, 407, 1, 2, 0, 0, 0.01%, 0, 0, 1, 1310.45
1599594877, 412, 1, 2, 0, 0, 0.01%, 0, 0, 1, 1341.50
1599594883, 416, 1, 2, 0, 0, 0.01%, 0, 0, 1, 1308.74
1599594888, 421, 0, 2, 0, 0, 0.01%, 0, 0, 1, 1318.84
1599594893, 425, 1, 2, 0, 0, 0.01%, 0, 0, 1, 1317.69
1599594898, 430, 1, 2, 0, 0, 0.01%, 0, 0, 1, 1303.41
1599594903, 434, 1, 2, 0, 0, 0.01%, 0, 0, 1, 1241.73
1599594908, 439, 0, 2, 0, 0, 0.01%, 0, 0, 1, 1232.40
1599594913, 443, 1, 2, 0, 0, 0.01%, 0, 0, 1, 1316.13
1599594918, 448, 0, 2, 0, 0, 0.01%, 0, 0, 1, 1319.89
1599594923, 452, 1, 2, 0, 0, 0.01%, 0, 0, 1, 1299.32
1599594928, 456, 1, 2, 0, 0, 0.01%, 0, 0, 1, 1209.10
1599594933, 461, 0, 2, 0, 0, 0.01%, 0, 0, 1, 1245.35
1599594938, 465, 1, 2, 0, 0, 0.01%, 0, 0, 1, 1276.83
1599594943, 470, 0, 2, 0, 0, 0.01%, 0, 0, 1, 1312.36
1599594949, 474, 1, 2, 0, 0, 0.01%, 0, 0, 1, 1316.62
1599594954, 479, 0, 2, 0, 0, 0.01%, 0, 0, 1, 1301.97
1599594959, 483, 1, 2, 0, 0, 0.01%, 0, 0, 1, 1319.82
1599594964, 488, 0, 2, 0, 0, 0.01%, 0, 0, 1, 1318.07
1599594969, 493, 0, 2, 0, 0, 0.01%, 0, 0, 1, 1322.15
1599594974, 497, 1, 2, 0, 0, 0.01%, 0, 0, 1, 1320.77
1599594980, 502, 0, 2, 0, 0, 0.01%, 0, 0, 1, 1317.21
1599594985, 506, 1, 2, 0, 0, 0.01%, 0, 0, 1, 1316.42
1599594990, 511, 0, 2, 0, 0, 0.01%, 0, 0, 1, 1300.88
1599594995, 515, 1, 2, 0, 0, 0.01%, 0, 0, 1, 1331.76
1599595000, 520, 0, 2, 0, 0, 0.01%, 0, 0, 1, 1332.19
1599595005, 525, 0, 2, 0, 0, 0.01%, 0, 0, 1, 1321.43
1599595010, 529, 1, 2, 0, 0, 0.01%, 0, 0, 1, 1328.67
1599595015, 534, 0, 2, 0, 0, 0.01%, 0, 0, 1, 1290.21
1599595020, 538, 1, 2, 0, 0, 0.01%, 0, 0, 1, 1311.31
1599595025, 543, 0, 2, 0, 0, 0.01%, 0, 0, 1, 1309.85
1599595030, 547, 1, 2, 0, 0, 0.01%, 0, 0, 1, 1323.24
1599595035, 552, 0, 2, 0, 0, 0.01%, 0, 0, 1, 1334.78
1599595040, 557, 0, 2, 0, 0, 0.01%, 0, 0, 1, 1334.95
1599595046, 561, 1, 2, 0, 0, 0.01%, 0, 0, 1, 1320.96
1599595051, 566, 0, 2, 0, 0, 0.01%, 0, 0, 1, 1303.90
1599595056, 570, 1, 2, 0, 0, 0.01%, 0, 0, 1, 1333.24
1599595061, 575, 0, 2, 0, 0, 0.01%, 0, 0, 1, 1332.51
1599595066, 579, 1, 2, 0, 0, 0.01%, 0, 0, 1, 1305.01
1599595071, 584, 1, 2, 0, 0, 0.01%, 0, 0, 1, 1337.42
1599595076, 588, 1, 2, 0, 0, 0.01%, 0, 0, 1, 1303.27
1599595081, 593, 0, 2, 0, 0, 0.01%, 0, 0, 1, 1310.32
1599595086, 598, 0, 2, 0, 0, 0.01%, 0, 0, 1, 1330.55
1599595091, 602, 1, 2, 0, 0, 0.01%, 0, 0, 1, 1343.14
1599595096, 607, 0, 2, 0, 0, 0.01%, 0, 0, 1, 1333.99
1599595102, 611, 1, 2, 0, 0, 0.01%, 0, 0, 1, 1325.34
1599595107, 616, 0, 2, 0, 0, 0.01%, 0, 0, 1, 1303.26
1599595112, 621, 0, 2, 0, 0, 0.01%, 0, 0, 1, 1303.21
1599595117, 625, 1, 2, 0, 0, 0.01%, 0, 0, 1, 1324.43
1599595122, 630, 0, 2, 0, 0, 0.01%, 0, 0, 1, 1323.98
1599595127, 634, 1, 2, 0, 0, 0.01%, 0, 0, 1, 1337.41
1599595132, 639, 0, 2, 0, 0, 0.01%, 0, 0, 1, 1312.29
1599595137, 643, 1, 2, 0, 0, 0.01%, 0, 0, 1, 1289.02
1599595142, 647, 1, 2, 0, 0, 0.01%, 0, 0, 1, 1316.71
1599595147, 652, 1, 2, 0, 0, 0.01%, 0, 0, 1, 1319.95
1599595152, 657, 0, 2, 0, 0, 0.01%, 0, 0, 1, 1334.95
1599595157, 661, 1, 2, 0, 0, 0.01%, 0, 0, 1, 1313.39
1599595162, 666, 0, 2, 0, 0, 0.01%, 0, 0, 1, 1322.90
1599595167, 670, 1, 2, 0, 0, 0.01%, 0, 0, 1, 1317.72
1599595172, 675, 1, 2, 0, 0, 0.01%, 0, 0, 1, 1332.16
1599595178, 680, 0, 2, 0, 0, 0.01%, 0, 0, 1, 1323.58
1599595183, 684, 1, 2, 0, 0, 0.01%, 0, 0, 1, 1315.45
1599595188, 689, 0, 2, 0, 0, 0.01%, 0, 0, 1, 1324.80
1599595193, 694, 0, 2, 0, 0, 0.01%, 0, 0, 1, 1316.03
1599595198, 698, 1, 2, 0, 0, 0.01%, 0, 0, 1, 1300.12
1599595203, 703, 0, 2, 0, 0, 0.01%, 0, 0, 1, 1327.17
1599595208, 707, 0, 2, 0, 0, 0.01%, 0, 0, 1, 1231.29
1599595213, 711, 1, 2, 0, 0, 0.01%, 0, 0, 1, 1288.36
1599595218, 716, 0, 2, 0, 0, 0.01%, 0, 0, 1, 1304.95
1599595224, 720, 1, 2, 0, 0, 0.01%, 0, 0, 1, 1334.59
1599595229, 725, 0, 2, 0, 0, 0.01%, 0, 0, 1, 1294.60
1599595234, 730, 0, 2, 0, 0, 0.01%, 0, 0, 1, 1332.85
1599595239, 734, 1, 2, 0, 0, 0.01%, 0, 0, 1, 1308.93
1599595244, 739, 0, 2, 0, 0, 0.01%, 0, 0, 1, 1325.40
1599595249, 743, 1, 2, 0, 0, 0.01%, 0, 0, 1, 1327.54
1599595254, 748, 1, 2, 0, 0, 0.01%, 0, 0, 1, 1341.59
1599595259, 753, 0, 2, 0, 0, 0.01%, 0, 0, 1, 1324.05
1599595265, 757, 1, 2, 0, 0, 0.01%, 0, 0, 1, 1336.62
1599595270, 762, 0, 2, 0, 0, 0.01%, 0, 0, 1, 1327.54
1599595275, 766, 1, 2, 0, 0, 0.01%, 0, 0, 1, 1316.14
1599595280, 771, 0, 2, 0, 0, 0.01%, 0, 0, 1, 1309.27
1599595285, 775, 1, 2, 0, 0, 0.01%, 0, 0, 1, 1302.22
1599595290, 780, 0, 2, 0, 0, 0.01%, 0, 0, 1, 1292.44
1599595295, 784, 1, 2, 0, 0, 0.01%, 0, 0, 1, 1307.02
1599595300, 789, 0, 2, 0, 0, 0.01%, 0, 0, 1, 1323.54
1599595305, 793, 1, 2, 0, 0, 0.01%, 0, 0, 1, 1321.88
1599595310, 798, 1, 2, 0, 0, 0.01%, 0, 0, 1, 1331.93
1599595315, 803, 0, 2, 0, 0, 0.01%, 0, 0, 1, 1310.37
1599595321, 807, 1, 2, 0, 0, 0.01%, 0, 0, 1, 1302.20
1599595326, 812, 0, 2, 0, 0, 0.01%, 0, 0, 1, 1334.58
1599595331, 816, 1, 2, 0, 0, 0.01%, 0, 0, 1, 1335.57
1599595336, 821, 0, 2, 0, 0, 0.01%, 0, 0, 1, 1325.39
1599595341, 825, 1, 2, 0, 0, 0.01%, 0, 0, 1, 1317.76
1599595346, 830, 0, 2, 0, 0, 0.01%, 0, 0, 1, 1302.49
1599595351, 834, 1, 2, 0, 0, 0.01%, 0, 0, 1, 1281.11
1599595356, 839, 0, 2, 0, 0, 0.01%, 0, 0, 1, 1295.90
1599595361, 844, 0, 2, 0, 0, 0.01%, 0, 0, 1, 1300.39
1599595366, 848, 1, 2, 0, 0, 0.01%, 0, 0, 1, 1323.01
1599595372, 853, 0, 2, 0, 0, 0.01%, 0, 0, 1, 1333.87
1599595377, 857, 1, 2, 0, 0, 0.01%, 0, 0, 1, 1294.31
1599595382, 862, 0, 2, 0, 0, 0.01%, 0, 0, 1, 1320.32
1599595387, 866, 1, 2, 0, 0, 0.01%, 0, 0, 1, 1327.02
1599595392, 871, 1, 2, 0, 0, 0.01%, 0, 0, 1, 1324.22
1599595397, 876, 0, 2, 0, 0, 0.01%, 0, 0, 1, 1332.46
1599595402, 880, 1, 2, 0, 0, 0.01%, 0, 0, 1, 1321.84
1599595407, 885, 0, 2, 0, 0, 0.01%, 0, 0, 1, 1297.17
1599595412, 889, 1, 2, 0, 0, 0.01%, 0, 0, 1, 1323.24
1599595417, 894, 0, 2, 0, 0, 0.01%, 0, 0, 1, 1335.84
1599595422, 898, 1, 2, 0, 0, 0.01%, 0, 0, 1, 1320.92
1599595427, 903, 0, 2, 0, 0, 0.01%, 0, 0, 1, 1325.34
1599595432, 907, 1, 2, 0, 0, 0.01%, 0, 0, 1, 1314.32
1599595438, 912, 0, 2, 0, 0, 0.01%, 0, 0, 1, 1275.94
1599595443, 917, 0, 2, 0, 0, 0.01%, 0, 0, 1, 1324.35
1599595448, 921, 1, 2, 0, 0, 0.01%, 0, 0, 1, 1325.10
1599595453, 926, 0, 2, 0, 0, 0.01%, 0, 0, 1, 1332.80
1599595458, 930, 1, 2, 0, 0, 0.01%, 0, 0, 1, 1313.92
1599595463, 935, 0, 2, 0, 0, 0.01%, 0, 0, 1, 1320.67
1599595468, 939, 1, 2, 0, 0, 0.01%, 0, 0, 1, 1291.24
1599595473, 944, 0, 2, 0, 0, 0.01%, 0, 0, 1, 1304.10
1599595478, 948, 1, 2, 0, 0, 0.01%, 0, 0, 1, 1331.08
1599595483, 953, 0, 2, 0, 0, 0.01%, 0, 0, 1, 1324.78
1599595488, 957, 1, 2, 0, 0, 0.01%, 0, 0, 1, 1344.09
1599595494, 962, 1, 2, 0, 0, 0.01%, 0, 0, 1, 1311.47
1599595499, 967, 0, 2, 0, 0, 0.01%, 0, 0, 1, 1308.54
1599595504, 971, 1, 2, 0, 0, 0.01%, 0, 0, 1, 1324.22
1599595509, 976, 0, 2, 0, 0, 0.01%, 0, 0, 1, 1309.11
1599595514, 980, 1, 2, 0, 0, 0.01%, 0, 0, 1, 1326.12
1599595519, 985, 0, 2, 0, 0, 0.01%, 0, 0, 1, 1308.53
1599595524, 989, 1, 2, 0, 0, 0.01%, 0, 0, 1, 1323.58
1599595529, 994, 0, 2, 0, 0, 0.01%, 0, 0, 1, 1293.21
1599595534, 998, 1, 2, 0, 0, 0.01%, 0, 0, 1, 1293.52
1599595539, 1003, 0, 2, 0, 0, 0.01%, 0, 0, 1, 1312.28
1599595544, 1007, 1, 2, 0, 0, 0.01%, 0, 0, 1, 1320.12
1599595549, 1012, 0, 2, 0, 0, 0.01%, 0, 0, 1, 1314.70
1599595554, 1016, 1, 2, 0, 0, 0.01%, 0, 0, 1, 1323.16
1599595559, 1021, 0, 2, 0, 0, 0.01%, 0, 0, 1, 1295.06
1599595565, 1025, 1, 2, 0, 0, 0.01%, 0, 0, 1, 1343.59
1599595570, 1030, 1, 2, 0, 0, 0.01%, 0, 0, 1, 1323.67
1599595575, 1035, 0, 2, 0, 0, 0.01%, 0, 0, 1, 1313.96
1599595580, 1039, 1, 2, 0, 0, 0.01%, 0, 0, 1, 1320.22
1599595585, 1044, 0, 2, 0, 0, 0.01%, 0, 0, 1, 1306.78
1599595590, 1048, 1, 2, 0, 0, 0.01%, 0, 0, 1, 1293.84
1599595595, 1053, 0, 2, 0, 0, 0.01%, 0, 0, 1, 1309.45
1599595600, 1057, 1, 2, 0, 0, 0.01%, 0, 0, 1, 1292.58
1599595605, 1062, 0, 2, 0, 0, 0.01%, 0, 0, 1, 1317.00
1599595611, 1066, 1, 2, 0, 0, 0.01%, 0, 0, 1, 1322.81
1599595616, 1071, 1, 2, 0, 0, 0.01%, 0, 0, 1, 1303.23
1599595621, 1076, 0, 2, 0, 0, 0.01%, 0, 0, 1, 1314.59
1599595626, 1080, 1, 2, 0, 0, 0.01%, 0, 0, 1, 1298.62
1599595631, 1085, 0, 2, 0, 0, 0.01%, 0, 0, 1, 1328.05
1599595636, 1089, 1, 2, 0, 0, 0.01%, 0, 0, 1, 1351.82
1599595641, 1094, 0, 2, 0, 0, 0.01%, 0, 0, 1, 1323.33
1599595646, 1099, 0, 2, 0, 0, 0.01%, 0, 0, 1, 1333.44
1599595651, 1103, 1, 2, 0, 0, 0.01%, 0, 0, 1, 1327.12
1599595656, 1108, 0, 2, 0, 0, 0.01%, 0, 0, 1, 1309.02
1599595662, 1112, 1, 2, 0, 0, 0.01%, 0, 0, 1, 1318.80
1599595667, 1117, 0, 2, 0, 0, 0.01%, 0, 0, 1, 1319.27
1599595672, 1122, 0, 2, 0, 0, 0.01%, 0, 0, 1, 1324.54
1599595677, 1126, 1, 2, 0, 0, 0.01%, 0, 0, 1, 1318.66
1599595682, 1131, 0, 2, 0, 0, 0.01%, 0, 0, 1, 1336.26
1599595687, 1135, 1, 2, 0, 0, 0.01%, 0, 0, 1, 1319.83
1599595692, 1140, 0, 2, 0, 0, 0.01%, 0, 0, 1, 1318.82
1599595697, 1144, 1, 2, 0, 0, 0.01%, 0, 0, 1, 1321.09
1599595702, 1149, 1, 2, 0, 0, 0.01%, 0, 0, 1, 1337.01
1599595708, 1154, 0, 2, 0, 0, 0.01%, 0, 0, 1, 1324.04
1599595713, 1158, 1, 2, 0, 0, 0.01%, 0, 0, 1, 1349.77
1599595718, 1163, 0, 2, 0, 0, 0.01%, 0, 0, 1, 1317.67
1599595723, 1167, 1, 2, 0, 0, 0.01%, 0, 0, 1, 1324.46
1599595728, 1172, 0, 2, 0, 0, 0.01%, 0, 0, 1, 1337.25
1599595733, 1177, 0, 2, 0, 0, 0.01%, 0, 0, 1, 1316.38
1599595738, 1181, 1, 2, 0, 0, 0.01%, 0, 0, 1, 1320.42
1599595743, 1186, 0, 2, 0, 0, 0.01%, 0, 0, 1, 1321.17
1599595748, 1190, 1, 2, 0, 0, 0.01%, 0, 0, 1, 1306.43
1599595753, 1195, 0, 2, 0, 0, 0.01%, 0, 0, 1, 1338.42
1599595758, 1199, 1, 2, 0, 0, 0.01%, 0, 0, 1, 1337.91
1599595763, 1204, 0, 2, 0, 0, 0.01%, 0, 0, 1, 1332.87
1599595768, 1208, 1, 2, 0, 0, 0.01%, 0, 0, 1, 1329.38
1599595774, 1213, 0, 2, 0, 0, 0.01%, 0, 0, 1, 1294.71
1599595779, 1217, 1, 2, 0, 0, 0.01%, 0, 0, 1, 1292.26
1599595784, 1222, 0, 2, 0, 0, 0.01%, 0, 0, 1, 1302.54
1599595789, 1226, 1, 2, 0, 0, 0.01%, 0, 0, 1, 1313.84
1599595794, 1231, 0, 2, 0, 0, 0.01%, 0, 0, 1, 1313.04
1599595799, 1235, 1, 2, 0, 0, 0.01%, 0, 0, 1, 1291.47
1599595804, 1240, 0, 2, 0, 0, 0.01%, 0, 0, 1, 1311.30
1599595809, 1244, 1, 2, 0, 0, 0.01%, 0, 0, 1, 1296.95
1599595814, 1249, 0, 2, 0, 0, 0.01%, 0, 0, 1, 1318.37
1599595819, 1254, 0, 2, 0, 0, 0.01%, 0, 0, 1, 1317.52
1599595825, 1258, 1, 2, 0, 0, 0.01%, 0, 0, 1, 1327.10
1599595830, 1263, 0, 2, 0, 0, 0.01%, 0, 0, 1, 1301.50
1599595835, 1267, 1, 2, 0, 0, 0.01%, 0, 0, 1, 1322.96
1599595840, 1272, 0, 2, 0, 0, 0.01%, 0, 0, 1, 1331.64
1599595845, 1276, 1, 2, 0, 0, 0.01%, 0, 0, 1, 1307.99
1599595850, 1281, 1, 2, 0, 0, 0.01%, 0, 0, 1, 1340.86
1599595855, 1286, 0, 2, 0, 0, 0.01%, 0, 0, 1, 1315.53
1599595860, 1290, 0, 2, 0, 0, 0.01%, 0, 0, 1, 1300.33
1599595865, 1295, 0, 2, 0, 0, 0.01%, 0, 0, 1, 1315.07
1599595870, 1299, 0, 2, 0, 0, 0.01%, 0, 0, 1, 1314.19
1599595875, 1304, 0, 2, 0, 0, 0.01%, 0, 0, 1, 1327.27
1599595880, 1308, 1, 2, 0, 0, 0.01%, 0, 0, 1, 1318.96
1599595885, 1312, 1, 2, 0, 0, 0.01%, 0, 0, 1, 1291.60
1599595890, 1317, 0, 2, 0, 0, 0.01%, 0, 0, 1, 1299.11
1599595896, 1321, 1, 2, 0, 0, 0.01%, 0, 0, 1, 1293.33
1599595901, 1326, 0, 2, 0, 0, 0.01%, 0, 0, 1, 1317.22
1599595906, 1331, 0, 2, 0, 0, 0.01%, 0, 0, 1, 1335.76
1599595911, 1335, 1, 2, 0, 0, 0.01%, 0, 0, 1, 1359.80
1599595916, 1340, 0, 2, 0, 0, 0.01%, 0, 0, 1, 1302.02
1599595921, 1344, 1, 2, 0, 0, 0.01%, 0, 0, 1, 1274.99
1599595926, 1349, 1, 2, 0, 0, 0.01%, 0, 0, 1, 1314.48
1599595931, 1353, 1, 2, 0, 0, 0.01%, 0, 0, 1, 1315.82
1599595936, 1358, 0, 2, 0, 0, 0.01%, 0, 0, 1, 1316.71
1599595942, 1363, 0, 2, 0, 0, 0.01%, 0, 0, 1, 1311.68
1599595947, 1367, 1, 2, 0, 0, 0.01%, 0, 0, 1, 1316.42
1599595952, 1372, 0, 2, 0, 0, 0.01%, 0, 0, 1, 1274.85
1599595957, 1376, 1, 2, 0, 0, 0.01%, 0, 0, 1, 1336.60
1599595962, 1381, 0, 2, 0, 0, 0.01%, 0, 0, 1, 1328.00
1599595967, 1385, 1, 2, 0, 0, 0.01%, 0, 0, 1, 1311.08
1599595972, 1390, 0, 2, 0, 0, 0.01%, 0, 0, 1, 1304.68
1599595977, 1394, 1, 2, 0, 0, 0.01%, 0, 0, 1, 1280.88
1599595982, 1398, 1, 2, 0, 0, 0.01%, 0, 0, 1, 1213.52
1599595987, 1402, 1, 2, 0, 0, 0.01%, 0, 0, 1, 1158.07
1599595993, 1407, 0, 2, 0, 0, 0.01%, 0, 0, 1, 1237.90
1599595998, 1411, 1, 2, 0, 0, 0.01%, 0, 0, 1, 1294.45
1599596003, 1416, 0, 2, 0, 0, 0.01%, 0, 0, 1, 1266.16
1599596008, 1420, 1, 2, 0, 0, 0.01%, 0, 0, 1, 1235.67
1599596013, 1424, 1, 2, 0, 0, 0.01%, 0, 0, 1, 1201.19
1599596018, 1429, 0, 2, 0, 0, 0.01%, 0, 0, 1, 1285.25
1599596024, 1433, 1, 2, 0, 0, 0.01%, 0, 0, 1, 1305.41
